0.000000032689281329419
0.000001006424779541198
0.000032584773925489017
0.0000325847739254890174783303181902491118
0.00100320724655536535
0.00100320724655536535163575821
0.00150481094340197537
0.00516944814501723324
0.0051694481450172331799784081189154313
0.00630333703161276039
0.00630333703161276039444948
0.31830988618379067154
1.55971844230057429054
1.5707963267948966
3.1194368846011486
3.14159265359
4.188790204786391
6.2831853071795865
6.2831853071795864769
9.8
9.8000000457649940749
9.8696044010893586
12
12.566370614359173
19.6
19.7392088021787173102
30.7876080051799737
39.4784176043574347653
61.5752160103599475
78.956835208714869
79.323062925618449
96.04
96.722123130675714464
123.1504320207198954
123.721644144856042649
157.913670417429739061
248.0502134423985616
299
3131.5
386.88849252270286069994
777.3660166710608
996.803006989455245
1554.732033342121601
1558.545456544039
3131.5490038342879
4884.3347342483307011
4884.33473424833070115936469003
9768.6694684966614
15344.5901187880108089
30689.180237576021617
30689.180237576021617849
300753.966328245011854
385651.61271624758016674
385651.61271624758016675408197106211
1529553.5714285714285
23856725.79618471120683
30591067
47713451.592369422588889
95426903.18473884517777
149896229
192209343.602944212679
299792458
941825783.65442663867048
5917665925.78039346116547347202
5917665925.780393461165473473
149417011803.5799840099
149417011803.57998400994273113605373
938814773206.9326037208
938814773206.932600273076253922116
4600192388713.969741338072534351284552285
5555592194025912932663.8661839886
602213673600000000000000
602318297069785330778918
1464286715675.08384329
1133794325311410802584.483990095845
89875517873681764
280549796099271028106371.4285714285714286
5537831004612175089381303.5914078512366729373718698855676224
497715429436450581496123138379252378115816.31811142
5215672025664642544763178751132025.5540151985
13972970731752245653998638427738035.7397419532474462335991989
